750
56
53 995
54 894
79 861
84 847
97 837
104 814
152 797
180 796
190 795
207 744
221 721
253 661
306 619
322 615
324 581
363 553
398 543
403 521
418 511
427 471
445 470
449 469
496 409
512 408
523 392
558 372
564 344
122
568 341
578 339
587 289
598 263
600 262
603 249
14
696 242
699 204
749 183
750 169
783 162
798 118
892 114
902 108
916 94
945 91
980 88
985 51
999 27
64 20
68 15
69 8
86 993
117 991
175 982
185 960
191 929
237 885
264 873
291 856
295 846
310 840
395 817
399 813
417 751
419 740
466 735
476 714
527 686
16
542 670
548 665
552 620
586 617
589 524
618 522
634 513
635 481
659 475
673 461
683 458
685 447
700 438
17
752 415
762 413
782 402
788 401
883 386
884 256
898 243
901 200
904 195
909 155
940 153
941 150
946 105
968 101
33
974 67
42
979 44
0 31
37 26
57 10
58 988
66 977
82 956
85 932
119 912
131 881
158 858
161 832
206 808
214 800
43
215 770
224 765
246 726
248 716
257 703
269 701
335 674
337 544
343 537
384 494
432 482
484 455
487 454
135
498 452
510 444
535 424
607 422
608 410
630 394
631 383
632 376
633 368
636 327
637 318
660 307
666 304
668 270
676 236
698 231
141
717 138
720 137
731 133
773 130
781 99
793 72
192
806 52
824 49
828 984
868 953
897 947
910 937
928 915
961 903
981 891
2 872
46 862
194
55 853
59 841
71 835
116 833
128 825
143 801
218 794
223 760
271 705
280 697
331 675
210
359 662
366 653
385 643
220
390 625
428 612
464 583
268
529 572
545 571
577 562
580 525
276
599 518
601 490
628 443
709 414
710 407
759 388
789 371
816 345
282
871 330
882 321
911 297
918 285
919 259
927 188
934 182
990 157
36 156
47 147
61 144
65 134
76 129
95 115
96 93
102 80
123 40
126 32
160 30
163 12
168 973
171 952
308
172 943
198 920
226 879
234 866
238 857
250 805
266 763
288 737
338 695
353 689
375 681
465 664
478 624
492 622
495 609
501 573
503 566
517 547
563 534
579 528
582 474
585 459
590 437
595 434
651 426
657 405
684 382
711 373
715 365
753 355
758 350
769 336
774 290
810 273
818 252
834 244
838 227
876 199
930 173
949 165
957 151
958 146
965 124
967 18
996 6
317
333
420
448
477
493
505
506
569
602
626
639
642
646
649
691
694
722
734
748
766
780
784
859
948
959
971
989
74
107
110
112
132
164
170
176
205
230
235
258
293
316
323
325
326
334
340
351
354
357
374
379
397
431
441
515
531
538
556
575
592
621
647
655
678
730
738
741
747
764
767
772
829
843
848
854
914
938
955
966
976
1
45
75
77
121
136
174
184
186
209
239
298
303
312
315
332
342
346
356
377
378
380
412
425
453
486
489
491
519
520
540
574
611
652
658
667
672
680
690
692
702
713
733
742
778
785
790
791
807
809
819
822
823
826
842
869
874
893
895
917
983
7
24
29
62
63
100
140
177
193
212
213
222
240
274
283
309
319
439
440
446
473
514
536
560
565
591
593
640
656
682
693
724
727
776
787
804
811
827
839
849
850
851
875
908
925
931
933
975
997
39
60
73
142
178
203
225
229
232
233
255
261
267
278
279
284
299
311
328
358
362
369
396
400
406
421
430
442
460
483
526
596
597
604
605
669
687
719
754
786
815
821
852
863
865
886
906
922
935
978
3
25
41
111
120
159
189
245
251
272
347
352
361
391
393
435
436
502
516
533
554
570
584
610
650
663
671
707
708
718
743
812
820
831
844
845
870
878
888
921
944
970
987
998
9
21
35
48
70
98
106
167
202
208
265
292
305
389
456
462
463
499
500
507
530
532
549
594
613
614
627
641
688
712
736
860
896
900
905
907
926
936
951
986
992
4
5
11
23
34
81
89
90
92
103
139
148
166
228
281
296
302
313
348
349
360
364
370
411
423
429
433
450
451
457
467
479
485
504
509
539
541
551
616
629
644
648
677
679
704
729
755
756
757
768
777
792
803
830
855
864
880
887
899
923
963
972
13
19
38
50
87
145
149
181
187
201
211
216
247
254
275
277
287
300
301
320
329
367
381
387
404
468
480
508
555
559
561
576
606
623
654
706
739
746
775
799
867
877
889
913
924
939
942
950
954
964
994
22
28
78
83
109
113
125
127
154
179
196
197
217
219
241
260
286
294
314
416
472
488
497
546
550
557
567
588
638
645
723
725
728
732
745
761
771
779
802
836
890
962
969
